# Camera list with one line of data per camera:
#   CAMERA_ID, MODEL, WIDTH, HEIGHT, PARAMS[]
# Number of cameras: 11
1 SIMPLE_RADIAL 2832 2128 2986.17 1416 1064 -0.177315
2 SIMPLE_RADIAL 2832 2128 2981.08 1416 1064 -0.171078
3 SIMPLE_RADIAL 2832 2128 2986.02 1416 1064 -0.173517
4 SIMPLE_RADIAL 2832 2128 2973.89 1416 1064 -0.171521
5 SIMPLE_RADIAL 2832 2128 2983.14 1416 1064 -0.173505
6 SIMPLE_RADIAL 2832 2128 2980.74 1416 1064 -0.170353
7 SIMPLE_RADIAL 2832 2128 2979.45 1416 1064 -0.165124
8 SIMPLE_RADIAL 2832 2128 2981.21 1416 1064 -0.152673
9 SIMPLE_RADIAL 2832 2128 2978.73 1416 1064 -0.151731
10 SIMPLE_RADIAL 2832 2128 2974.59 1416 1064 -0.15186
11 SIMPLE_RADIAL 2832 2128 2953.11 1416 1064 -0.132766
